n<-100
n*(n+1)/2
